N_X = 20   9.008706e+03 s
N_X = 30   8.699763e+02 s